(kicad_pcb (version 20171130) (host pcbnew "(5.0.2)-1")

  (general
    (thickness 1.6)
    (drawings 16)
    (tracks 924)
    (zones 0)
    (modules 129)
    (nets 80)
  )

  (page A4)
  (layers
    (0 F.Cu signal)
    (31 B.Cu signal)
    (32 B.Adhes user)
    (33 F.Adhes user)
    (34 B.Paste user)
    (35 F.Paste user)
    (36 B.SilkS user)
    (37 F.SilkS user)
    (38 B.Mask user)
    (39 F.Mask user)
    (40 Dwgs.User user)
    (41 Cmts.User user)
    (42 Eco1.User user)
    (43 Eco2.User user)
    (44 Edge.Cuts user)
    (45 Margin user)
    (46 B.CrtYd user)
    (47 F.CrtYd user)
    (48 B.Fab user hide)
    (49 F.Fab user hide)
  )

  (setup
    (last_trace_width 0.25)
    (trace_clearance 0.2)
    (zone_clearance 0.4)
    (zone_45_only no)
    (trace_min 0.2)
    (segment_width 0.2)
    (edge_width 0.15)
    (via_size 0.8)
    (via_drill 0.4)
    (via_min_size 0.4)
    (via_min_drill 0.3)
    (uvia_size 0.3)
    (uvia_drill 0.1)
    (uvias_allowed no)
    (uvia_min_size 0.2)
    (uvia_min_drill 0.1)
    (pcb_text_width 0.3)
    (pcb_text_size 1.5 1.5)
    (mod_edge_width 0.15)
    (mod_text_size 1 1)
    (mod_text_width 0.15)
    (pad_size 1.524 1.524)
    (pad_drill 0.762)
    (pad_to_mask_clearance 0.051)
    (solder_mask_min_width 0.25)
    (aux_axis_origin 0 0)
    (visible_elements 7FFFFFFF)
    (pcbplotparams
      (layerselection 0x010f0_ffffffff)
      (usegerberextensions false)
      (usegerberattributes false)
      (usegerberadvancedattributes false)
      (creategerberjobfile false)
      (excludeedgelayer true)
      (linewidth 0.100000)
      (plotframeref false)
      (viasonmask false)
      (mode 1)
      (useauxorigin false)
      (hpglpennumber 1)
      (hpglpenspeed 20)
      (hpglpendiameter 15.000000)
      (psnegative false)
      (psa4output false)
      (plotreference true)
      (plotvalue true)
      (plotinvisibletext false)
      (padsonsilk false)
      (subtractmaskfromsilk false)
      (outputformat 1)
      (mirror false)
      (drillshape 0)
      (scaleselection 1)
      (outputdirectory "./"))
  )

  (net 0 "")
  (net 1 GND)
  (net 2 +5V)
  (net 3 VCC)
  (net 4 SIG_TEMP1)
  (net 5 SIG_TEMP2)
  (net 6 +3V3)
  (net 7 +BATT)
  (net 8 "Net-(C13-Pad1)")
  (net 9 Constant12V)
  (net 10 "Net-(D1-Pad1)")
  (net 11 "Net-(D3-Pad1)")
  (net 12 "Net-(D6-Pad2)")
  (net 13 "Net-(D8-Pad1)")
  (net 14 Ignition12V)
  (net 15 "Net-(J2-Pad1)")
  (net 16 "Net-(J3-Pad1)")
  (net 17 SIG_VEL)
  (net 18 "Net-(J6-Pad2)")
  (net 19 SWDIO)
  (net 20 SWDCLK)
  (net 21 LCD_RESET)
  (net 22 LCD_SCK)
  (net 23 LCD_DC)
  (net 24 LCD_CS)
  (net 25 LCD_MOSI)
  (net 26 LCD_MISO)
  (net 27 STEP4)
  (net 28 STEP3)
  (net 29 STEP1)
  (net 30 STEP2)
  (net 31 "Net-(Q2-Pad1)")
  (net 32 LEDBCKL)
  (net 33 SIG_RPM)
  (net 34 SIG_BLINK)
  (net 35 SIG_HIBEAM)
  (net 36 SIG_NEUTRAL)
  (net 37 EEPROM_CS)
  (net 38 TFTBCKL)
  (net 39 USBDP)
  (net 40 USBDM)
  (net 41 STATUS_LED)
  (net 42 "Net-(TP7-Pad1)")
  (net 43 "Net-(U3-Pad5)")
  (net 44 EEPROM_SCK)
  (net 45 EEPROM_MISO)
  (net 46 EEPROM_MOSI)
  (net 47 "Net-(C13-Pad2)")
  (net 48 "Net-(C14-Pad1)")
  (net 49 "Net-(C18-Pad1)")
  (net 50 "Net-(C21-Pad1)")
  (net 51 "Net-(C25-Pad1)")
  (net 52 "Net-(C30-Pad1)")
  (net 53 "Net-(C31-Pad1)")
  (net 54 "Net-(C32-Pad1)")
  (net 55 "Net-(C33-Pad1)")
  (net 56 "Net-(D6-Pad1)")
  (net 57 "Net-(D7-Pad2)")
  (net 58 "Net-(D8-Pad2)")
  (net 59 "Net-(D9-Pad2)")
  (net 60 "Net-(D10-Pad1)")
  (net 61 "Net-(J5-Pad2)")
  (net 62 "Net-(J6-Pad1)")
  (net 63 "Net-(J6-Pad3)")
  (net 64 "Net-(J7-Pad2)")
  (net 65 "Net-(J7-Pad3)")
  (net 66 "Net-(J7-Pad4)")
  (net 67 "Net-(J9-Pad11)")
  (net 68 "Net-(J9-Pad12)")
  (net 69 "Net-(J9-Pad13)")
  (net 70 "Net-(J9-Pad14)")
  (net 71 "Net-(R13-Pad2)")
  (net 72 "Net-(R14-Pad2)")
  (net 73 "Net-(R25-Pad2)")
  (net 74 "Net-(R210-Pad1)")
  (net 75 "Net-(R52-Pad1)")
  (net 76 "Net-(R54-Pad1)")
  (net 77 "Net-(R55-Pad1)")
  (net 78 "Net-(R62-Pad1)")
  (net 79 USERIN)

  (net_class Default "To jest domyślna klasa połączeń."
    (clearance 0.2)
    (trace_width 0.25)
    (via_dia 0.8)
    (via_drill 0.4)
    (uvia_dia 0.3)
    (uvia_drill 0.1)
    (add_net +BATT)
    (add_net EEPROM_CS)
    (add_net EEPROM_MISO)
    (add_net EEPROM_MOSI)
    (add_net EEPROM_SCK)
    (add_net GND)
    (add_net LCD_CS)
    (add_net LCD_DC)
    (add_net LCD_MISO)
    (add_net LCD_MOSI)
    (add_net LCD_RESET)
    (add_net LCD_SCK)
    (add_net LEDBCKL)
    (add_net "Net-(C13-Pad1)")
    (add_net "Net-(C13-Pad2)")
    (add_net "Net-(C14-Pad1)")
    (add_net "Net-(C18-Pad1)")
    (add_net "Net-(C21-Pad1)")
    (add_net "Net-(C25-Pad1)")
    (add_net "Net-(C30-Pad1)")
    (add_net "Net-(C31-Pad1)")
    (add_net "Net-(C32-Pad1)")
    (add_net "Net-(C33-Pad1)")
    (add_net "Net-(D10-Pad1)")
    (add_net "Net-(D3-Pad1)")
    (add_net "Net-(D6-Pad1)")
    (add_net "Net-(D6-Pad2)")
    (add_net "Net-(D7-Pad2)")
    (add_net "Net-(D8-Pad1)")
    (add_net "Net-(D8-Pad2)")
    (add_net "Net-(D9-Pad2)")
    (add_net "Net-(J2-Pad1)")
    (add_net "Net-(J3-Pad1)")
    (add_net "Net-(J5-Pad2)")
    (add_net "Net-(J6-Pad1)")
    (add_net "Net-(J6-Pad2)")
    (add_net "Net-(J6-Pad3)")
    (add_net "Net-(J7-Pad2)")
    (add_net "Net-(J7-Pad3)")
    (add_net "Net-(J7-Pad4)")
    (add_net "Net-(J9-Pad11)")
    (add_net "Net-(J9-Pad12)")
    (add_net "Net-(J9-Pad13)")
    (add_net "Net-(J9-Pad14)")
    (add_net "Net-(Q2-Pad1)")
    (add_net "Net-(R13-Pad2)")
    (add_net "Net-(R14-Pad2)")
    (add_net "Net-(R210-Pad1)")
    (add_net "Net-(R25-Pad2)")
    (add_net "Net-(R52-Pad1)")
    (add_net "Net-(R54-Pad1)")
    (add_net "Net-(R55-Pad1)")
    (add_net "Net-(R62-Pad1)")
    (add_net "Net-(TP7-Pad1)")
    (add_net "Net-(U3-Pad5)")
    (add_net SIG_BLINK)
    (add_net SIG_HIBEAM)
    (add_net SIG_NEUTRAL)
    (add_net SIG_RPM)
    (add_net SIG_TEMP1)
    (add_net SIG_TEMP2)
    (add_net SIG_VEL)
    (add_net STATUS_LED)
    (add_net STEP1)
    (add_net STEP2)
    (add_net STEP3)
    (add_net STEP4)
    (add_net SWDCLK)
    (add_net SWDIO)
    (add_net TFTBCKL)
    (add_net USBDM)
    (add_net USBDP)
    (add_net USERIN)
  )

  (net_class POWER ""
    (clearance 0.2)
    (trace_width 0.25)
    (via_dia 0.8)
    (via_drill 0.4)
    (uvia_dia 0.3)
    (uvia_drill 0.1)
    (add_net +3V3)
    (add_net +5V)
    (add_net Constant12V)
    (add_net Ignition12V)
    (add_net "Net-(D1-Pad1)")
    (add_net VCC)
  )

  (module motoHUD:X27-168 (layer F.Cu) (tedit 5D979EE3) (tstamp 5D89D5CD)
    (at 96.5 106 180)
    (path /5D228980)
    (fp_text reference M1 (at 0 3 180) (layer F.SilkS)
      (effects (font (size 1 1) (thickness 0.15)))
    )
    (fp_text value "X27 168" (at 0 -2.4 180) (layer F.Fab)
      (effects (font (size 1 1) (thickness 0.15)))
    )
    (fp_text user 4 (at -9.6 -3.8 180) (layer F.SilkS)
      (effects (font (size 1 1) (thickness 0.15)))
    )
    (fp_text user 3 (at -9.6 3.8 180) (layer F.SilkS)
      (effects (font (size 1 1) (thickness 0.15)))
    )
    (fp_text user 2 (at 9.6 3.8 180) (layer F.SilkS)
      (effects (font (size 1 1) (thickness 0.15)))
    )
    (fp_text user 1 (at 9.4 -3.8 180) (layer F.SilkS)
      (effects (font (size 1 1) (thickness 0.15)))
    )
    (fp_circle (center 0 -6) (end 0.8 -6) (layer F.SilkS) (width 0.15))
    (fp_line (start -5.4 14) (end 5.4 14) (layer F.SilkS) (width 0.15))
    (fp_circle (center 0 0) (end 15 0) (layer F.SilkS) (width 0.15))
    (pad "" thru_hole circle (at -9.2 9.2 180) (size 2.5 2.5) (drill 2.5) (layers *.Cu *.Mask))
    (pad "" thru_hole circle (at 0 -10.2 180) (size 4 4) (drill 4) (layers *.Cu *.Mask))
    (pad 2 thru_hole circle (at 11.4 3.8 180) (size 1.6 1.6) (drill 0.8) (layers *.Cu *.Mask)
      (net 30 STEP2))
    (pad 1 thru_hole circle (at 11.4 -3.8 180) (size 1.6 1.6) (drill 0.8) (layers *.Cu *.Mask)
      (net 29 STEP1))
    (pad 3 thru_hole circle (at -11.4 3.8 180) (size 1.6 1.6) (drill 0.8) (layers *.Cu *.Mask)
      (net 28 STEP3))
    (pad 4 thru_hole circle (at -11.4 -3.8 180) (size 1.6 1.6) (drill 0.8) (layers *.Cu *.Mask)
      (net 27 STEP4))
    (model ${KIPRJMOD}/x27168.step
      (offset (xyz 0 0 0.5))
      (scale (xyz 1 1 1))
      (rotate (xyz -90 0 180))
    )
  )

  (module Connector_USB:USB_Mini-B_Lumberg_2486_01_Horizontal (layer B.Cu) (tedit 5AC6B535) (tstamp 5D89D58E)
    (at 199 98 270)
    (descr "USB Mini-B 5-pin SMD connector, http://downloads.lumberg.com/datenblaetter/en/2486_01.pdf")
    (tags "USB USB_B USB_Mini connector")
    (path /5D1A2D37)
    (attr smd)
    (fp_text reference J7 (at 0 5 270) (layer B.SilkS)
      (effects (font (size 1 1) (thickness 0.15)) (justify mirror))
    )
    (fp_text value USB_B_Mini (at 0 -7.5 270) (layer B.Fab)
      (effects (font (size 1 1) (thickness 0.15)) (justify mirror))
    )
    (fp_line (start 2.35 4.2) (end -2.35 4.2) (layer B.CrtYd) (width 0.05))
    (fp_line (start 2.35 3.95) (end 2.35 4.2) (layer B.CrtYd) (width 0.05))
    (fp_line (start 4.35 -1.5) (end 5.95 -1.5) (layer B.CrtYd) (width 0.05))
    (fp_line (start 4.35 -4.2) (end 5.95 -4.2) (layer B.CrtYd) (width 0.05))
    (fp_line (start 4.35 -6.35) (end 4.35 -4.2) (layer B.CrtYd) (width 0.05))
    (fp_line (start 3.91 -5.91) (end -3.91 -5.91) (layer B.SilkS) (width 0.12))
    (fp_line (start -1.6 2.85) (end -1.25 3.35) (layer B.Fab) (width 0.1))
    (fp_line (start -2.11 3.41) (end -2.11 3.84) (layer B.SilkS) (width 0.12))
    (fp_text user %R (at 0 -1.6 90) (layer B.Fab)
      (effects (font (size 1 1) (thickness 0.15)) (justify mirror))
    )
    (fp_line (start 3.91 -5.91) (end 3.91 -3.96) (layer B.SilkS) (width 0.12))
    (fp_line (start 3.91 -1.74) (end 3.91 1.49) (layer B.SilkS) (width 0.12))
    (fp_line (start 2.11 3.41) (end 3.19 3.41) (layer B.SilkS) (width 0.12))
    (fp_line (start -3.19 3.41) (end -2.11 3.41) (layer B.SilkS) (width 0.12))
    (fp_line (start -3.91 -1.74) (end -3.91 1.49) (layer B.SilkS) (width 0.12))
    (fp_line (start -3.91 -5.91) (end -3.91 -3.96) (layer B.SilkS) (width 0.12))
    (fp_line (start 3.85 -5.85) (end 3.85 3.35) (layer B.Fab) (width 0.1))
    (fp_line (start -3.85 -5.85) (end 3.85 -5.85) (layer B.Fab) (width 0.1))
    (fp_line (start -3.85 3.35) (end -3.85 -5.85) (layer B.Fab) (width 0.1))
    (fp_line (start -3.85 3.35) (end 3.85 3.35) (layer B.Fab) (width 0.1))
    (fp_line (start -4.35 -6.35) (end 4.35 -6.35) (layer B.CrtYd) (width 0.05))
    (fp_line (start 5.95 3.95) (end 2.35 3.95) (layer B.CrtYd) (width 0.05))
    (fp_line (start 5.95 -1.5) (end 5.95 -4.2) (layer B.CrtYd) (width 0.05))
    (fp_line (start -1.95 3.35) (end -1.6 2.85) (layer B.Fab) (width 0.1))
    (fp_line (start 4.35 1.25) (end 4.35 -1.5) (layer B.CrtYd) (width 0.05))
    (fp_line (start 4.35 1.25) (end 5.95 1.25) (layer B.CrtYd) (width 0.05))
    (fp_line (start 5.95 3.95) (end 5.95 1.25) (layer B.CrtYd) (width 0.05))
    (fp_line (start -2.35 3.95) (end -2.35 4.2) (layer B.CrtYd) (width 0.05))
    (fp_line (start -5.95 3.95) (end -2.35 3.95) (layer B.CrtYd) (width 0.05))
    (fp_line (start -5.95 3.95) (end -5.95 1.25) (layer B.CrtYd) (width 0.05))
    (fp_line (start -4.35 1.25) (end -5.95 1.25) (layer B.CrtYd) (width 0.05))
    (fp_line (start -4.35 1.25) (end -4.35 -1.5) (layer B.CrtYd) (width 0.05))
    (fp_line (start -4.35 -1.5) (end -5.95 -1.5) (layer B.CrtYd) (width 0.05))
    (fp_line (start -5.95 -1.5) (end -5.95 -4.2) (layer B.CrtYd) (width 0.05))
    (fp_line (start -4.35 -4.2) (end -5.95 -4.2) (layer B.CrtYd) (width 0.05))
    (fp_line (start -4.35 -6.35) (end -4.35 -4.2) (layer B.CrtYd) (width 0.05))
    (pad 1 smd rect (at -1.6 2.7 270) (size 0.5 2) (layers B.Cu B.Paste B.Mask)
      (net 2 +5V))
    (pad 2 smd rect (at -0.8 2.7 270) (size 0.5 2) (layers B.Cu B.Paste B.Mask)
      (net 64 "Net-(J7-Pad2)"))
    (pad 3 smd rect (at 0 2.7 270) (size 0.5 2) (layers B.Cu B.Paste B.Mask)
      (net 65 "Net-(J7-Pad3)"))
    (pad 4 smd rect (at 0.8 2.7 270) (size 0.5 2) (layers B.Cu B.Paste B.Mask)
      (net 66 "Net-(J7-Pad4)"))
    (pad 5 smd rect (at 1.6 2.7 270) (size 0.5 2) (layers B.Cu B.Paste B.Mask)
      (net 1 GND))
    (pad 6 smd rect (at -4.45 2.6 270) (size 2 1.7) (layers B.Cu B.Paste B.Mask)
      (net 1 GND))
    (pad 6 smd rect (at -4.45 -2.85 270) (size 2 1.7) (layers B.Cu B.Paste B.Mask)
      (net 1 GND))
    (pad 6 smd rect (at 4.45 2.6 270) (size 2 1.7) (layers B.Cu B.Paste B.Mask)
      (net 1 GND))
    (pad 6 smd rect (at 4.45 -2.85 270) (size 2 1.7) (layers B.Cu B.Paste B.Mask)
      (net 1 GND))
    (pad "" np_thru_hole circle (at -2.2 0 270) (size 1 1) (drill 1) (layers *.Cu *.Mask))
    (pad "" np_thru_hole circle (at 2.2 0 270) (size 1 1) (drill 1) (layers *.Cu *.Mask))
    (model ${KISYS3DMOD}/Connector_USB.3dshapes/USB_Mini-B_Lumberg_2486_01_Horizontal.wrl
      (at (xyz 0 0 0))
      (scale (xyz 1 1 1))
      (rotate (xyz 0 0 0))
    )
  )

  (module motoHUD:SOT-23 (layer F.Cu) (tedit 5D5EBCC1) (tstamp 5D89D5E2)
    (at 98.679 84.836 90)
    (descr "SOT-23, Standard")
    (tags SOT-23)
    (path /5D2E6775)
    (attr smd)
    (fp_text reference Q1 (at 0 -2.5 90) (layer F.SilkS)
      (effects (font (size 1 1) (thickness 0.15)))
    )
    (fp_text value 2N7002KQ-13 (at 0 2.5 90) (layer F.Fab)
      (effects (font (size 1 1) (thickness 0.15)))
    )
    (fp_text user %R (at 0 0 180) (layer F.Fab)
      (effects (font (size 0.5 0.5) (thickness 0.075)))
    )
    (fp_line (start -0.7 -0.95) (end -0.7 1.5) (layer F.Fab) (width 0.1))
    (fp_line (start -0.15 -1.52) (end 0.7 -1.52) (layer F.Fab) (width 0.1))
    (fp_line (start -0.7 -0.95) (end -0.15 -1.52) (layer F.Fab) (width 0.1))
    (fp_line (start 0.7 -1.52) (end 0.7 1.52) (layer F.Fab) (width 0.1))
    (fp_line (start -0.7 1.52) (end 0.7 1.52) (layer F.Fab) (width 0.1))
    (fp_line (start 0.76 1.58) (end 0.76 0.65) (layer F.SilkS) (width 0.12))
    (fp_line (start 0.76 -1.58) (end 0.76 -0.65) (layer F.SilkS) (width 0.12))
    (fp_line (start -1.7 -1.75) (end 1.7 -1.75) (layer F.CrtYd) (width 0.05))
    (fp_line (start 1.7 -1.75) (end 1.7 1.75) (layer F.CrtYd) (width 0.05))
    (fp_line (start 1.7 1.75) (end -1.7 1.75) (layer F.CrtYd) (width 0.05))
    (fp_line (start -1.7 1.75) (end -1.7 -1.75) (layer F.CrtYd) (width 0.05))
    (fp_line (start 0.76 -1.58) (end -1.4 -1.58) (layer F.SilkS) (width 0.12))
    (fp_line (start 0.76 1.58) (end -0.7 1.58) (layer F.SilkS) (width 0.12))
    (pad 2 smd rect (at -1 -0.95 90) (size 0.9 0.8) (layers F.Cu F.Paste F.Mask)
      (net 50 "Net-(C21-Pad1)"))
    (pad 3 smd rect (at -1 0.95 90) (size 0.9 0.8) (layers F.Cu F.Paste F.Mask)
      (net 1 GND))
    (pad 1 smd rect (at 1 0 90) (size 0.9 0.8) (layers F.Cu F.Paste F.Mask)
      (net 56 "Net-(D6-Pad1)"))
    (model ${KISYS3DMOD}/Package_TO_SOT_SMD.3dshapes/SOT-23.wrl
      (at (xyz 0 0 0))
      (scale (xyz 1 1 1))
      (rotate (xyz 0 0 0))
    )
  )

  (module motoHUD:SOT-23 (layer B.Cu) (tedit 5D5EBCC1) (tstamp 5D8A0E5F)
    (at 119 119 90)
    (descr "SOT-23, Standard")
    (tags SOT-23)
    (path /5D2E6400)
    (attr smd)
    (fp_text reference Q2 (at 0 2.5 90) (layer B.SilkS)
      (effects (font (size 1 1) (thickness 0.15)) (justify mirror))
    )
    (fp_text value 2N7002KQ-13 (at 0 -2.5 90) (layer B.Fab)
      (effects (font (size 1 1) (thickness 0.15)) (justify mirror))
    )
    (fp_text user %R (at 0 0) (layer B.Fab)
      (effects (font (size 0.5 0.5) (thickness 0.075)) (justify mirror))
    )
    (fp_line (start -0.7 0.95) (end -0.7 -1.5) (layer B.Fab) (width 0.1))
    (fp_line (start -0.15 1.52) (end 0.7 1.52) (layer B.Fab) (width 0.1))
    (fp_line (start -0.7 0.95) (end -0.15 1.52) (layer B.Fab) (width 0.1))
    (fp_line (start 0.7 1.52) (end 0.7 -1.52) (layer B.Fab) (width 0.1))
    (fp_line (start -0.7 -1.52) (end 0.7 -1.52) (layer B.Fab) (width 0.1))
    (fp_line (start 0.76 -1.58) (end 0.76 -0.65) (layer B.SilkS) (width 0.12))
    (fp_line (start 0.76 1.58) (end 0.76 0.65) (layer B.SilkS) (width 0.12))
    (fp_line (start -1.7 1.75) (end 1.7 1.75) (layer B.CrtYd) (width 0.05))
    (fp_line (start 1.7 1.75) (end 1.7 -1.75) (layer B.CrtYd) (width 0.05))
    (fp_line (start 1.7 -1.75) (end -1.7 -1.75) (layer B.CrtYd) (width 0.05))
    (fp_line (start -1.7 -1.75) (end -1.7 1.75) (layer B.CrtYd) (width 0.05))
    (fp_line (start 0.76 1.58) (end -1.4 1.58) (layer B.SilkS) (width 0.12))
    (fp_line (start 0.76 -1.58) (end -0.7 -1.58) (layer B.SilkS) (width 0.12))
    (pad 2 smd rect (at -1 0.95 90) (size 0.9 0.8) (layers B.Cu B.Paste B.Mask)
      (net 51 "Net-(C25-Pad1)"))
    (pad 3 smd rect (at -1 -0.95 90) (size 0.9 0.8) (layers B.Cu B.Paste B.Mask)
      (net 1 GND))
    (pad 1 smd rect (at 1 0 90) (size 0.9 0.8) (layers B.Cu B.Paste B.Mask)
      (net 31 "Net-(Q2-Pad1)"))
    (model ${KISYS3DMOD}/Package_TO_SOT_SMD.3dshapes/SOT-23.wrl
      (at (xyz 0 0 0))
      (scale (xyz 1 1 1))
      (rotate (xyz 0 0 0))
    )
  )

  (module Capacitor_SMD:C_0805_2012Metric_Pad1.15x1.40mm_HandSolder (layer B.Cu) (tedit 5B36C52B) (tstamp 5D89D210)
    (at 103.5 124 90)
    (descr "Capacitor SMD 0805 (2012 Metric), square (rectangular) end terminal, IPC_7351 nominal with elongated pad for handsoldering. (Body size source: https://docs.google.com/spreadsheets/d/1BsfQQcO9C6DZCsRaXUlFlo91Tg2WpOkGARC1WS5S8t0/edit?usp=sharing), generated with kicad-footprint-generator")
    (tags "capacitor handsolder")
    (path /5D363FF9)
    (attr smd)
    (fp_text reference C17 (at 3 0 90) (layer B.SilkS)
      (effects (font (size 1 1) (thickness 0.15)) (justify mirror))
    )
    (fp_text value "10u 16v" (at 0 -1.65 90) (layer B.Fab)
      (effects (font (size 1 1) (thickness 0.15)) (justify mirror))
    )
    (fp_text user %R (at 0 0 90) (layer B.Fab)
      (effects (font (size 0.5 0.5) (thickness 0.08)) (justify mirror))
    )
    (fp_line (start 1.85 -0.95) (end -1.85 -0.95) (layer B.CrtYd) (width 0.05))
    (fp_line (start 1.85 0.95) (end 1.85 -0.95) (layer B.CrtYd) (width 0.05))
    (fp_line (start -1.85 0.95) (end 1.85 0.95) (layer B.CrtYd) (width 0.05))
    (fp_line (start -1.85 -0.95) (end -1.85 0.95) (layer B.CrtYd) (width 0.05))
    (fp_line (start -0.261252 -0.71) (end 0.261252 -0.71) (layer B.SilkS) (width 0.12))
    (fp_line (start -0.261252 0.71) (end 0.261252 0.71) (layer B.SilkS) (width 0.12))
    (fp_line (start 1 -0.6) (end -1 -0.6) (layer B.Fab) (width 0.1))
    (fp_line (start 1 0.6) (end 1 -0.6) (layer B.Fab) (width 0.1))
    (fp_line (start -1 0.6) (end 1 0.6) (layer B.Fab) (width 0.1))
    (fp_line (start -1 -0.6) (end -1 0.6) (layer B.Fab) (width 0.1))
    (pad 2 smd roundrect (at 1.025 0 90) (size 1.15 1.4) (layers B.Cu B.Paste B.Mask) (roundrect_rratio 0.217391)
      (net 1 GND))
    (pad 1 smd roundrect (at -1.025 0 90) (size 1.15 1.4) (layers B.Cu B.Paste B.Mask) (roundrect_rratio 0.217391)
      (net 2 +5V))
    (model ${KISYS3DMOD}/Capacitor_SMD.3dshapes/C_0805_2012Metric.wrl
      (at (xyz 0 0 0))
      (scale (xyz 1 1 1))
      (rotate (xyz 0 0 0))
    )
  )

  (module Capacitor_SMD:C_0805_2012Metric_Pad1.15x1.40mm_HandSolder (layer B.Cu) (tedit 5B36C52B) (tstamp 5D89D254)
    (at 97.5 124 90)
    (descr "Capacitor SMD 0805 (2012 Metric), square (rectangular) end terminal, IPC_7351 nominal with elongated pad for handsoldering. (Body size source: https://docs.google.com/spreadsheets/d/1BsfQQcO9C6DZCsRaXUlFlo91Tg2WpOkGARC1WS5S8t0/edit?usp=sharing), generated with kicad-footprint-generator")
    (tags "capacitor handsolder")
    (path /5D36448E)
    (attr smd)
    (fp_text reference C18 (at 3.025 0 90) (layer B.SilkS)
      (effects (font (size 1 1) (thickness 0.15)) (justify mirror))
    )
    (fp_text value 22u (at 0 -1.65 90) (layer B.Fab)
      (effects (font (size 1 1) (thickness 0.15)) (justify mirror))
    )
    (fp_line (start -1 -0.6) (end -1 0.6) (layer B.Fab) (width 0.1))
    (fp_line (start -1 0.6) (end 1 0.6) (layer B.Fab) (width 0.1))
    (fp_line (start 1 0.6) (end 1 -0.6) (layer B.Fab) (width 0.1))
    (fp_line (start 1 -0.6) (end -1 -0.6) (layer B.Fab) (width 0.1))
    (fp_line (start -0.261252 0.71) (end 0.261252 0.71) (layer B.SilkS) (width 0.12))
    (fp_line (start -0.261252 -0.71) (end 0.261252 -0.71) (layer B.SilkS) (width 0.12))
    (fp_line (start -1.85 -0.95) (end -1.85 0.95) (layer B.CrtYd) (width 0.05))
    (fp_line (start -1.85 0.95) (end 1.85 0.95) (layer B.CrtYd) (width 0.05))
    (fp_line (start 1.85 0.95) (end 1.85 -0.95) (layer B.CrtYd) (width 0.05))
    (fp_line (start 1.85 -0.95) (end -1.85 -0.95) (layer B.CrtYd) (width 0.05))
    (fp_text user %R (at 0 0 90) (layer B.Fab)
      (effects (font (size 0.5 0.5) (thickness 0.08)) (justify mirror))
    )
    (pad 1 smd roundrect (at -1.025 0 90) (size 1.15 1.4) (layers B.Cu B.Paste B.Mask) (roundrect_rratio 0.217391)
      (net 49 "Net-(C18-Pad1)"))
    (pad 2 smd roundrect (at 1.025 0 90) (size 1.15 1.4) (layers B.Cu B.Paste B.Mask) (roundrect_rratio 0.217391)
      (net 1 GND))
    (model ${KISYS3DMOD}/Capacitor_SMD.3dshapes/C_0805_2012Metric.wrl
      (at (xyz 0 0 0))
      (scale (xyz 1 1 1))
      (rotate (xyz 0 0 0))
    )
  )

  (module Capacitor_SMD:C_0805_2012Metric_Pad1.15x1.40mm_HandSolder (layer B.Cu) (tedit 5B36C52B) (tstamp 5D89D265)
    (at 129.5 123.5 90)
    (descr "Capacitor SMD 0805 (2012 Metric), square (rectangular) end terminal, IPC_7351 nominal with elongated pad for handsoldering. (Body size source: https://docs.google.com/spreadsheets/d/1BsfQQcO9C6DZCsRaXUlFlo91Tg2WpOkGARC1WS5S8t0/edit?usp=sharing), generated with kicad-footprint-generator")
    (tags "capacitor handsolder")
    (path /5D4A6DE0)
    (attr smd)
    (fp_text reference C11 (at 3 0 90) (layer B.SilkS)
      (effects (font (size 1 1) (thickness 0.15)) (justify mirror))
    )
    (fp_text value 2,2u (at 0 -1.65 90) (layer B.Fab)
      (effects (font (size 1 1) (thickness 0.15)) (justify mirror))
    )
    (fp_text user %R (at 0 0 90) (layer B.Fab)
      (effects (font (size 0.5 0.5) (thickness 0.08)) (justify mirror))
    )
    (fp_line (start 1.85 -0.95) (end -1.85 -0.95) (layer B.CrtYd) (width 0.05))
    (fp_line (start 1.85 0.95) (end 1.85 -0.95) (layer B.CrtYd) (width 0.05))
    (fp_line (start -1.85 0.95) (end 1.85 0.95) (layer B.CrtYd) (width 0.05))
    (fp_line (start -1.85 -0.95) (end -1.85 0.95) (layer B.CrtYd) (width 0.05))
    (fp_line (start -0.261252 -0.71) (end 0.261252 -0.71) (layer B.SilkS) (width 0.12))
    (fp_line (start -0.261252 0.71) (end 0.261252 0.71) (layer B.SilkS) (width 0.12))
    (fp_line (start 1 -0.6) (end -1 -0.6) (layer B.Fab) (width 0.1))
    (fp_line (start 1 0.6) (end 1 -0.6) (layer B.Fab) (width 0.1))
    (fp_line (start -1 0.6) (end 1 0.6) (layer B.Fab) (width 0.1))
    (fp_line (start -1 -0.6) (end -1 0.6) (layer B.Fab) (width 0.1))
    (pad 2 smd roundrect (at 1.025 0 90) (size 1.15 1.4) (layers B.Cu B.Paste B.Mask) (roundrect_rratio 0.217391)
      (net 1 GND))
    (pad 1 smd roundrect (at -1.025 0 90) (size 1.15 1.4) (layers B.Cu B.Paste B.Mask) (roundrect_rratio 0.217391)
      (net 7 +BATT))
    (model ${KISYS3DMOD}/Capacitor_SMD.3dshapes/C_0805_2012Metric.wrl
      (at (xyz 0 0 0))
      (scale (xyz 1 1 1))
      (rotate (xyz 0 0 0))
    )
  )

  (module Capacitor_SMD:C_0805_2012Metric_Pad1.15x1.40mm_HandSolder (layer B.Cu) (tedit 5B36C52B) (tstamp 5D89D330)
    (at 160.5 86)
    (descr "Capacitor SMD 0805 (2012 Metric), square (rectangular) end terminal, IPC_7351 nominal with elongated pad for handsoldering. (Body size source: https://docs.google.com/spreadsheets/d/1BsfQQcO9C6DZCsRaXUlFlo91Tg2WpOkGARC1WS5S8t0/edit?usp=sharing), generated with kicad-footprint-generator")
    (tags "capacitor handsolder")
    (path /5D121AF9)
    (attr smd)
    (fp_text reference C33 (at 0 1.65) (layer B.SilkS)
      (effects (font (size 1 1) (thickness 0.15)) (justify mirror))
    )
    (fp_text value 20p (at 0 -1.65) (layer B.Fab)
      (effects (font (size 1 1) (thickness 0.15)) (justify mirror))
    )
    (fp_line (start -1 -0.6) (end -1 0.6) (layer B.Fab) (width 0.1))
    (fp_line (start -1 0.6) (end 1 0.6) (layer B.Fab) (width 0.1))
    (fp_line (start 1 0.6) (end 1 -0.6) (layer B.Fab) (width 0.1))
    (fp_line (start 1 -0.6) (end -1 -0.6) (layer B.Fab) (width 0.1))
    (fp_line (start -0.261252 0.71) (end 0.261252 0.71) (layer B.SilkS) (width 0.12))
    (fp_line (start -0.261252 -0.71) (end 0.261252 -0.71) (layer B.SilkS) (width 0.12))
    (fp_line (start -1.85 -0.95) (end -1.85 0.95) (layer B.CrtYd) (width 0.05))
    (fp_line (start -1.85 0.95) (end 1.85 0.95) (layer B.CrtYd) (width 0.05))
    (fp_line (start 1.85 0.95) (end 1.85 -0.95) (layer B.CrtYd) (width 0.05))
    (fp_line (start 1.85 -0.95) (end -1.85 -0.95) (layer B.CrtYd) (width 0.05))
    (fp_text user %R (at 0 0) (layer B.Fab)
      (effects (font (size 0.5 0.5) (thickness 0.08)) (justify mirror))
    )
    (pad 1 smd roundrect (at -1.025 0) (size 1.15 1.4) (layers B.Cu B.Paste B.Mask) (roundrect_rratio 0.217391)
      (net 55 "Net-(C33-Pad1)"))
    (pad 2 smd roundrect (at 1.025 0) (size 1.15 1.4) (layers B.Cu B.Paste B.Mask) (roundrect_rratio 0.217391)
      (net 1 GND))
    (model ${KISYS3DMOD}/Capacitor_SMD.3dshapes/C_0805_2012Metric.wrl
      (at (xyz 0 0 0))
      (scale (xyz 1 1 1))
      (rotate (xyz 0 0 0))
    )
  )

  (module Capacitor_SMD:C_0805_2012Metric_Pad1.15x1.40mm_HandSolder (layer B.Cu) (tedit 5B36C52B) (tstamp 5D89D341)
    (at 160.528 93.98 180)
    (descr "Capacitor SMD 0805 (2012 Metric), square (rectangular) end terminal, IPC_7351 nominal with elongated pad for handsoldering. (Body size source: https://docs.google.com/spreadsheets/d/1BsfQQcO9C6DZCsRaXUlFlo91Tg2WpOkGARC1WS5S8t0/edit?usp=sharing), generated with kicad-footprint-generator")
    (tags "capacitor handsolder")
    (path /5D121B8B)
    (attr smd)
    (fp_text reference C32 (at 0 -2 180) (layer B.SilkS)
      (effects (font (size 1 1) (thickness 0.15)) (justify mirror))
    )
    (fp_text value 20p (at 0 -1.65 180) (layer B.Fab)
      (effects (font (size 1 1) (thickness 0.15)) (justify mirror))
    )
    (fp_line (start -1 -0.6) (end -1 0.6) (layer B.Fab) (width 0.1))
    (fp_line (start -1 0.6) (end 1 0.6) (layer B.Fab) (width 0.1))
    (fp_line (start 1 0.6) (end 1 -0.6) (layer B.Fab) (width 0.1))
    (fp_line (start 1 -0.6) (end -1 -0.6) (layer B.Fab) (width 0.1))
    (fp_line (start -0.261252 0.71) (end 0.261252 0.71) (layer B.SilkS) (width 0.12))
    (fp_line (start -0.261252 -0.71) (end 0.261252 -0.71) (layer B.SilkS) (width 0.12))
    (fp_line (start -1.85 -0.95) (end -1.85 0.95) (layer B.CrtYd) (width 0.05))
    (fp_line (start -1.85 0.95) (end 1.85 0.95) (layer B.CrtYd) (width 0.05))
    (fp_line (start 1.85 0.95) (end 1.85 -0.95) (layer B.CrtYd) (width 0.05))
    (fp_line (start 1.85 -0.95) (end -1.85 -0.95) (layer B.CrtYd) (width 0.05))
    (fp_text user %R (at 0 0 180) (layer B.Fab)
      (effects (font (size 0.5 0.5) (thickness 0.08)) (justify mirror))
    )
    (pad 1 smd roundrect (at -1.025 0 180) (size 1.15 1.4) (layers B.Cu B.Paste B.Mask) (roundrect_rratio 0.217391)
      (net 54 "Net-(C32-Pad1)"))
    (pad 2 smd roundrect (at 1.025 0 180) (size 1.15 1.4) (layers B.Cu B.Paste B.Mask) (roundrect_rratio 0.217391)
      (net 1 GND))
    (model ${KISYS3DMOD}/Capacitor_SMD.3dshapes/C_0805_2012Metric.wrl
      (at (xyz 0 0 0))
      (scale (xyz 1 1 1))
      (rotate (xyz 0 0 0))
    )
  )

  (module Capacitor_SMD:C_0805_2012Metric_Pad1.15x1.40mm_HandSolder (layer B.Cu) (tedit 5B36C52B) (tstamp 5D89D352)
    (at 131.975 88.5)
    (descr "Capacitor SMD 0805 (2012 Metric), square (rectangular) end terminal, IPC_7351 nominal with elongated pad for handsoldering. (Body size source: https://docs.google.com/spreadsheets/d/1BsfQQcO9C6DZCsRaXUlFlo91Tg2WpOkGARC1WS5S8t0/edit?usp=sharing), generated with kicad-footprint-generator")
    (tags "capacitor handsolder")
    (path /5D122050)
    (attr smd)
    (fp_text reference C31 (at 0 1.65) (layer B.SilkS)
      (effects (font (size 1 1) (thickness 0.15)) (justify mirror))
    )
    (fp_text value 20p (at 0 -1.65) (layer B.Fab)
      (effects (font (size 1 1) (thickness 0.15)) (justify mirror))
    )
    (fp_text user %R (at 0 0) (layer B.Fab)
      (effects (font (size 0.5 0.5) (thickness 0.08)) (justify mirror))
    )
    (fp_line (start 1.85 -0.95) (end -1.85 -0.95) (layer B.CrtYd) (width 0.05))
    (fp_line (start 1.85 0.95) (end 1.85 -0.95) (layer B.CrtYd) (width 0.05))
    (fp_line (start -1.85 0.95) (end 1.85 0.95) (layer B.CrtYd) (width 0.05))
    (fp_line (start -1.85 -0.95) (end -1.85 0.95) (layer B.CrtYd) (width 0.05))
    (fp_line (start -0.261252 -0.71) (end 0.261252 -0.71) (layer B.SilkS) (width 0.12))
    (fp_line (start -0.261252 0.71) (end 0.261252 0.71) (layer B.SilkS) (width 0.12))
    (fp_line (start 1 -0.6) (end -1 -0.6) (layer B.Fab) (width 0.1))
    (fp_line (start 1 0.6) (end 1 -0.6) (layer B.Fab) (width 0.1))
    (fp_line (start -1 0.6) (end 1 0.6) (layer B.Fab) (width 0.1))
    (fp_line (start -1 -0.6) (end -1 0.6) (layer B.Fab) (width 0.1))
    (pad 2 smd roundrect (at 1.025 0) (size 1.15 1.4) (layers B.Cu B.Paste B.Mask) (roundrect_rratio 0.217391)
      (net 1 GND))
    (pad 1 smd roundrect (at -1.025 0) (size 1.15 1.4) (layers B.Cu B.Paste B.Mask) (roundrect_rratio 0.217391)
      (net 53 "Net-(C31-Pad1)"))
    (model ${KISYS3DMOD}/Capacitor_SMD.3dshapes/C_0805_2012Metric.wrl
      (at (xyz 0 0 0))
      (scale (xyz 1 1 1))
      (rotate (xyz 0 0 0))
    )
  )

  (module Capacitor_SMD:C_0805_2012Metric_Pad1.15x1.40mm_HandSolder (layer B.Cu) (tedit 5B36C52B) (tstamp 5D89D363)
    (at 129.5 84.5)
    (descr "Capacitor SMD 0805 (2012 Metric), square (rectangular) end terminal, IPC_7351 nominal with elongated pad for handsoldering. (Body size source: https://docs.google.com/spreadsheets/d/1BsfQQcO9C6DZCsRaXUlFlo91Tg2WpOkGARC1WS5S8t0/edit?usp=sharing), generated with kicad-footprint-generator")
    (tags "capacitor handsolder")
    (path /5D1220A0)
    (attr smd)
    (fp_text reference C30 (at 0 2) (layer B.SilkS)
      (effects (font (size 1 1) (thickness 0.15)) (justify mirror))
    )
    (fp_text value 20p (at 0 -1.65) (layer B.Fab)
      (effects (font (size 1 1) (thickness 0.15)) (justify mirror))
    )
    (fp_line (start -1 -0.6) (end -1 0.6) (layer B.Fab) (width 0.1))
    (fp_line (start -1 0.6) (end 1 0.6) (layer B.Fab) (width 0.1))
    (fp_line (start 1 0.6) (end 1 -0.6) (layer B.Fab) (width 0.1))
    (fp_line (start 1 -0.6) (end -1 -0.6) (layer B.Fab) (width 0.1))
    (fp_line (start -0.261252 0.71) (end 0.261252 0.71) (layer B.SilkS) (width 0.12))
    (fp_line (start -0.261252 -0.71) (end 0.261252 -0.71) (layer B.SilkS) (width 0.12))
    (fp_line (start -1.85 -0.95) (end -1.85 0.95) (layer B.CrtYd) (width 0.05))
    (fp_line (start -1.85 0.95) (end 1.85 0.95) (layer B.CrtYd) (width 0.05))
    (fp_line (start 1.85 0.95) (end 1.85 -0.95) (layer B.CrtYd) (width 0.05))
    (fp_line (start 1.85 -0.95) (end -1.85 -0.95) (layer B.CrtYd) (width 0.05))
    (fp_text user %R (at 0 0) (layer B.Fab)
      (effects (font (size 0.5 0.5) (thickness 0.08)) (justify mirror))
    )
    (pad 1 smd roundrect (at -1.025 0) (size 1.15 1.4) (layers B.Cu B.Paste B.Mask) (roundrect_rratio 0.217391)
      (net 52 "Net-(C30-Pad1)"))
    (pad 2 smd roundrect (at 1.025 0) (size 1.15 1.4) (layers B.Cu B.Paste B.Mask) (roundrect_rratio 0.217391)
      (net 1 GND))
    (model ${KISYS3DMOD}/Capacitor_SMD.3dshapes/C_0805_2012Metric.wrl
      (at (xyz 0 0 0))
      (scale (xyz 1 1 1))
      (rotate (xyz 0 0 0))
    )
  )

  (module Capacitor_SMD:C_0805_2012Metric_Pad1.15x1.40mm_HandSolder (layer B.Cu) (tedit 5B36C52B) (tstamp 5D89D374)
    (at 131.064 100.33 270)
    (descr "Capacitor SMD 0805 (2012 Metric), square (rectangular) end terminal, IPC_7351 nominal with elongated pad for handsoldering. (Body size source: https://docs.google.com/spreadsheets/d/1BsfQQcO9C6DZCsRaXUlFlo91Tg2WpOkGARC1WS5S8t0/edit?usp=sharing), generated with kicad-footprint-generator")
    (tags "capacitor handsolder")
    (path /5D2BD909)
    (attr smd)
    (fp_text reference C34 (at 0 1.65 270) (layer B.SilkS)
      (effects (font (size 1 1) (thickness 0.15)) (justify mirror))
    )
    (fp_text value 0,1u (at 0 -1.65 270) (layer B.Fab)
      (effects (font (size 1 1) (thickness 0.15)) (justify mirror))
    )
    (fp_text user %R (at 0 0 270) (layer B.Fab)
      (effects (font (size 0.5 0.5) (thickness 0.08)) (justify mirror))
    )
    (fp_line (start 1.85 -0.95) (end -1.85 -0.95) (layer B.CrtYd) (width 0.05))
    (fp_line (start 1.85 0.95) (end 1.85 -0.95) (layer B.CrtYd) (width 0.05))
    (fp_line (start -1.85 0.95) (end 1.85 0.95) (layer B.CrtYd) (width 0.05))
    (fp_line (start -1.85 -0.95) (end -1.85 0.95) (layer B.CrtYd) (width 0.05))
    (fp_line (start -0.261252 -0.71) (end 0.261252 -0.71) (layer B.SilkS) (width 0.12))
    (fp_line (start -0.261252 0.71) (end 0.261252 0.71) (layer B.SilkS) (width 0.12))
    (fp_line (start 1 -0.6) (end -1 -0.6) (layer B.Fab) (width 0.1))
    (fp_line (start 1 0.6) (end 1 -0.6) (layer B.Fab) (width 0.1))
    (fp_line (start -1 0.6) (end 1 0.6) (layer B.Fab) (width 0.1))
    (fp_line (start -1 -0.6) (end -1 0.6) (layer B.Fab) (width 0.1))
    (pad 2 smd roundrect (at 1.025 0 270) (size 1.15 1.4) (layers B.Cu B.Paste B.Mask) (roundrect_rratio 0.217391)
      (net 1 GND))
    (pad 1 smd roundrect (at -1.025 0 270) (size 1.15 1.4) (layers B.Cu B.Paste B.Mask) (roundrect_rratio 0.217391)
      (net 6 +3V3))
    (model ${KISYS3DMOD}/Capacitor_SMD.3dshapes/C_0805_2012Metric.wrl
      (at (xyz 0 0 0))
      (scale (xyz 1 1 1))
      (rotate (xyz 0 0 0))
    )
  )

  (module Capacitor_SMD:C_0805_2012Metric_Pad1.15x1.40mm_HandSolder (layer B.Cu) (tedit 5B36C52B) (tstamp 5D89D385)
    (at 158 104.475 270)
    (descr "Capacitor SMD 0805 (2012 Metric), square (rectangular) end terminal, IPC_7351 nominal with elongated pad for handsoldering. (Body size source: https://docs.google.com/spreadsheets/d/1BsfQQcO9C6DZCsRaXUlFlo91Tg2WpOkGARC1WS5S8t0/edit?usp=sharing), generated with kicad-footprint-generator")
    (tags "capacitor handsolder")
    (path /5D29C336)
    (attr smd)
    (fp_text reference C23 (at -4 0 270) (layer B.SilkS)
      (effects (font (size 1 1) (thickness 0.15)) (justify mirror))
    )
    (fp_text value 0,1u (at 0 -1.65 270) (layer B.Fab)
      (effects (font (size 1 1) (thickness 0.15)) (justify mirror))
    )
    (fp_text user %R (at 0 0 270) (layer B.Fab)
      (effects (font (size 0.5 0.5) (thickness 0.08)) (justify mirror))
    )
    (fp_line (start 1.85 -0.95) (end -1.85 -0.95) (layer B.CrtYd) (width 0.05))
    (fp_line (start 1.85 0.95) (end 1.85 -0.95) (layer B.CrtYd) (width 0.05))
    (fp_line (start -1.85 0.95) (end 1.85 0.95) (layer B.CrtYd) (width 0.05))
    (fp_line (start -1.85 -0.95) (end -1.85 0.95) (layer B.CrtYd) (width 0.05))
    (fp_line (start -0.261252 -0.71) (end 0.261252 -0.71) (layer B.SilkS) (width 0.12))
    (fp_line (start -0.261252 0.71) (end 0.261252 0.71) (layer B.SilkS) (width 0.12))
    (fp_line (start 1 -0.6) (end -1 -0.6) (layer B.Fab) (width 0.1))
    (fp_line (start 1 0.6) (end 1 -0.6) (layer B.Fab) (width 0.1))
    (fp_line (start -1 0.6) (end 1 0.6) (layer B.Fab) (width 0.1))
    (fp_line (start -1 -0.6) (end -1 0.6) (layer B.Fab) (width 0.1))
    (pad 2 smd roundrect (at 1.025 0 270) (size 1.15 1.4) (layers B.Cu B.Paste B.Mask) (roundrect_rratio 0.217391)
      (net 1 GND))
    (pad 1 smd roundrect (at -1.025 0 270) (size 1.15 1.4) (layers B.Cu B.Paste B.Mask) (roundrect_rratio 0.217391)
      (net 6 +3V3))
    (model ${KISYS3DMOD}/Capacitor_SMD.3dshapes/C_0805_2012Metric.wrl
      (at (xyz 0 0 0))
      (scale (xyz 1 1 1))
      (rotate (xyz 0 0 0))
    )
  )

  (module Capacitor_SMD:C_0805_2012Metric_Pad1.15x1.40mm_HandSolder (layer B.Cu) (tedit 5B36C52B) (tstamp 5D89D396)
    (at 123.5 112.525 90)
    (descr "Capacitor SMD 0805 (2012 Metric), square (rectangular) end terminal, IPC_7351 nominal with elongated pad for handsoldering. (Body size source: https://docs.google.com/spreadsheets/d/1BsfQQcO9C6DZCsRaXUlFlo91Tg2WpOkGARC1WS5S8t0/edit?usp=sharing), generated with kicad-footprint-generator")
    (tags "capacitor handsolder")
    (path /5D28BA6E)
    (attr smd)
    (fp_text reference C24 (at -4.025 0 90) (layer B.SilkS)
      (effects (font (size 1 1) (thickness 0.15)) (justify mirror))
    )
    (fp_text value 0,1u (at 0 -1.65 90) (layer B.Fab)
      (effects (font (size 1 1) (thickness 0.15)) (justify mirror))
    )
    (fp_line (start -1 -0.6) (end -1 0.6) (layer B.Fab) (width 0.1))
    (fp_line (start -1 0.6) (end 1 0.6) (layer B.Fab) (width 0.1))
    (fp_line (start 1 0.6) (end 1 -0.6) (layer B.Fab) (width 0.1))
    (fp_line (start 1 -0.6) (end -1 -0.6) (layer B.Fab) (width 0.1))
    (fp_line (start -0.261252 0.71) (end 0.261252 0.71) (layer B.SilkS) (width 0.12))
    (fp_line (start -0.261252 -0.71) (end 0.261252 -0.71) (layer B.SilkS) (width 0.12))
    (fp_line (start -1.85 -0.95) (end -1.85 0.95) (layer B.CrtYd) (width 0.05))
    (fp_line (start -1.85 0.95) (end 1.85 0.95) (layer B.CrtYd) (width 0.05))
    (fp_line (start 1.85 0.95) (end 1.85 -0.95) (layer B.CrtYd) (width 0.05))
    (fp_line (start 1.85 -0.95) (end -1.85 -0.95) (layer B.CrtYd) (width 0.05))
    (fp_text user %R (at 0 0 90) (layer B.Fab)
      (effects (font (size 0.5 0.5) (thickness 0.08)) (justify mirror))
    )
    (pad 1 smd roundrect (at -1.025 0 90) (size 1.15 1.4) (layers B.Cu B.Paste B.Mask) (roundrect_rratio 0.217391)
      (net 6 +3V3))
    (pad 2 smd roundrect (at 1.025 0 90) (size 1.15 1.4) (layers B.Cu B.Paste B.Mask) (roundrect_rratio 0.217391)
      (net 1 GND))
    (model ${KISYS3DMOD}/Capacitor_SMD.3dshapes/C_0805_2012Metric.wrl
      (at (xyz 0 0 0))
      (scale (xyz 1 1 1))
      (rotate (xyz 0 0 0))
    )
  )

  (module LED_SMD:LED_1206_3216Metric (layer F.Cu) (tedit 5B301BBE) (tstamp 5D89D3E7)
    (at 82 119.5 180)
    (descr "LED SMD 1206 (3216 Metric), square (rectangular) end terminal, IPC_7351 nominal, (Body size source: http://www.tortai-tech.com/upload/download/2011102023233369053.pdf), generated with kicad-footprint-generator")
    (tags diode)
    (path /5D2682BC)
    (attr smd)
    (fp_text reference D6 (at 0 -1.82 180) (layer F.SilkS)
      (effects (font (size 1 1) (thickness 0.15)))
    )
    (fp_text value BCKLED (at 0 1.82 180) (layer F.Fab)
      (effects (font (size 1 1) (thickness 0.15)))
    )
    (fp_line (start 1.6 -0.8) (end -1.2 -0.8) (layer F.Fab) (width 0.1))
    (fp_line (start -1.2 -0.8) (end -1.6 -0.4) (layer F.Fab) (width 0.1))
    (fp_line (start -1.6 -0.4) (end -1.6 0.8) (layer F.Fab) (width 0.1))
    (fp_line (start -1.6 0.8) (end 1.6 0.8) (layer F.Fab) (width 0.1))
    (fp_line (start 1.6 0.8) (end 1.6 -0.8) (layer F.Fab) (width 0.1))
    (fp_line (start 1.6 -1.135) (end -2.285 -1.135) (layer F.SilkS) (width 0.12))
    (fp_line (start -2.285 -1.135) (end -2.285 1.135) (layer F.SilkS) (width 0.12))
    (fp_line (start -2.285 1.135) (end 1.6 1.135) (layer F.SilkS) (width 0.12))
    (fp_line (start -2.28 1.12) (end -2.28 -1.12) (layer F.CrtYd) (width 0.05))
    (fp_line (start -2.28 -1.12) (end 2.28 -1.12) (layer F.CrtYd) (width 0.05))
    (fp_line (start 2.28 -1.12) (end 2.28 1.12) (layer F.CrtYd) (width 0.05))
    (fp_line (start 2.28 1.12) (end -2.28 1.12) (layer F.CrtYd) (width 0.05))
    (fp_text user %R (at 0 0 180) (layer F.Fab)
      (effects (font (size 0.8 0.8) (thickness 0.12)))
    )
    (pad 1 smd roundrect (at -1.4 0 180) (size 1.25 1.75) (layers F.Cu F.Paste F.Mask) (roundrect_rratio 0.2)
      (net 56 "Net-(D6-Pad1)"))
    (pad 2 smd roundrect (at 1.4 0 180) (size 1.25 1.75) (layers F.Cu F.Paste F.Mask) (roundrect_rratio 0.2)
      (net 12 "Net-(D6-Pad2)"))
    (model ${KISYS3DMOD}/LED_SMD.3dshapes/LED_1206_3216Metric.wrl
      (at (xyz 0 0 0))
      (scale (xyz 1 1 1))
      (rotate (xyz 0 0 0))
    )
  )

  (module LED_SMD:LED_1206_3216Metric (layer F.Cu) (tedit 5B301BBE) (tstamp 5D89D3FA)
    (at 80.5 96.5 90)
